---------------------------------------------------- 
Gaussian finite mixture model fitted by EM algorithm 
---------------------------------------------------- 

Mclust VEI (diagonal, equal shape) model with 27 components: 

 log.likelihood    n  df     BIC      ICL
       15788.39 1500 248 29763.1 29114.32

Clustering table:
  1   2   3   4   5   6   7   8   9  10  11  12  13  14  15  16  17  18 
 50  53  74  66  43  73  68  50  46  45 113  93  31  58  38  49  64  46 
 19  20  21  22  23  24  25  26  27 
 39  45  53  32  34  63  61  56  57 

Mixing probabilities:
         1          2          3          4          5          6 
0.03981854 0.03547913 0.05203297 0.04662560 0.02783633 0.04717370 
         7          8          9         10         11         12 
0.04547986 0.03195393 0.02989471 0.02883969 0.07140763 0.06604478 
        13         14         15         16         17         18 
0.01924696 0.03855582 0.02435781 0.03309364 0.04079275 0.03159874 
        19         20         21         22         23         24 
0.02549336 0.03114268 0.03572163 0.02205364 0.02208380 0.03854887 
        25         26         27 
0.04003454 0.03697199 0.03771690 

Means:
           [,1]      [,2]       [,3]       [,4]       [,5]       [,6]
0hr  0.23675173 0.1064401 0.17586505 0.16538895 0.12877314 0.14096108
2hr  0.11351175 0.1668810 0.07574670 0.21348664 0.08266758 0.20558337
6hr  0.14801340 0.1252710 0.09052005 0.11986748 0.04767912 0.06237977
12hr 0.12803285 0.1563503 0.15486355 0.24856670 0.17612348 0.17609272
24hr 0.15894742 0.1561517 0.08750278 0.08967861 0.18756253 0.19675577
48hr 0.09559422 0.1571063 0.26615694 0.07743383 0.18849438 0.05917253
72hr 0.11914863 0.1317996 0.14934493 0.08557779 0.18869977 0.15905477
           [,7]       [,8]       [,9]     [,10]      [,11]      [,12]
0hr  0.15379893 0.16538283 0.13284519 0.1146167 0.12443723 0.15085041
2hr  0.22541327 0.17955730 0.18290224 0.1658655 0.06782272 0.14805296
6hr  0.12458391 0.19513066 0.05590214 0.1813653 0.18197370 0.21681363
12hr 0.06464858 0.06528973 0.06849415 0.0543933 0.18318071 0.11257552
24hr 0.07157326 0.25421089 0.17171932 0.1711553 0.09578212 0.08371550
48hr 0.23667487 0.06440580 0.20306188 0.1630718 0.17767575 0.07926496
72hr 0.12330718 0.07602281 0.18507508 0.1495320 0.16912777 0.20872701
          [,13]      [,14]      [,15]      [,16]      [,17]      [,18]
0hr  0.13762349 0.15772656 0.13659025 0.15851231 0.17237798 0.12911479
2hr  0.23055445 0.06120896 0.06385224 0.06759160 0.07185458 0.18421015
6hr  0.06032775 0.23646482 0.20066824 0.07727298 0.08808154 0.06233086
12hr 0.14603990 0.07439508 0.04322380 0.26404332 0.09316227 0.18596123
24hr 0.18258303 0.16872654 0.21823907 0.14300608 0.23525034 0.06585265
48hr 0.19160065 0.20626562 0.13337153 0.07267656 0.10375426 0.18179516
72hr 0.05127073 0.09521243 0.20405488 0.21689715 0.23551903 0.19073517
          [,19]      [,20]      [,21]      [,22]      [,23]      [,24]
0hr  0.17494507 0.14045116 0.12833909 0.14879394 0.15624813 0.12115737
2hr  0.25970164 0.07586137 0.17618138 0.05113475 0.14446274 0.16331026
6hr  0.08732837 0.11938575 0.19281944 0.23032922 0.09712862 0.17702506
12hr 0.06770352 0.21439206 0.18154302 0.22394184 0.05073989 0.18069283
24hr 0.10678253 0.20304148 0.08686576 0.18032961 0.22495584 0.16647127
48hr 0.06404017 0.18100638 0.17196242 0.07047264 0.24785397 0.05874552
72hr 0.23949871 0.06586180 0.06228888 0.09499799 0.07861081 0.13259769
         [,25]     [,26]     [,27]
0hr  0.1923697 0.1715928 0.1065846
2hr  0.1341237 0.1347658 0.1463591
6hr  0.1345569 0.1435184 0.1476795
12hr 0.1334829 0.1390850 0.1508677
24hr 0.1357875 0.1380471 0.1498974
48hr 0.1362895 0.1356810 0.1482874
72hr 0.1333899 0.1373099 0.1503243

Variances:
[,,1]
             0hr        2hr        6hr       12hr       24hr        48hr
0hr  0.001590062 0.00000000 0.00000000 0.00000000 0.00000000 0.000000000
2hr  0.000000000 0.01006654 0.00000000 0.00000000 0.00000000 0.000000000
6hr  0.000000000 0.00000000 0.01044209 0.00000000 0.00000000 0.000000000
12hr 0.000000000 0.00000000 0.00000000 0.00990835 0.00000000 0.000000000
24hr 0.000000000 0.00000000 0.00000000 0.00000000 0.01268563 0.000000000
48hr 0.000000000 0.00000000 0.00000000 0.00000000 0.00000000 0.009401958
72hr 0.000000000 0.00000000 0.00000000 0.00000000 0.00000000 0.000000000
           72hr
0hr  0.00000000
2hr  0.00000000
6hr  0.00000000
12hr 0.00000000
24hr 0.00000000
48hr 0.00000000
72hr 0.01313367
[,,2]
             0hr          2hr          6hr         12hr        24hr
0hr  0.000149529 0.0000000000 0.0000000000 0.0000000000 0.000000000
2hr  0.000000000 0.0009466545 0.0000000000 0.0000000000 0.000000000
6hr  0.000000000 0.0000000000 0.0009819714 0.0000000000 0.000000000
12hr 0.000000000 0.0000000000 0.0000000000 0.0009317787 0.000000000
24hr 0.000000000 0.0000000000 0.0000000000 0.0000000000 0.001192953
48hr 0.000000000 0.0000000000 0.0000000000 0.0000000000 0.000000000
72hr 0.000000000 0.0000000000 0.0000000000 0.0000000000 0.000000000
             48hr        72hr
0hr  0.0000000000 0.000000000
2hr  0.0000000000 0.000000000
6hr  0.0000000000 0.000000000
12hr 0.0000000000 0.000000000
24hr 0.0000000000 0.000000000
48hr 0.0008841577 0.000000000
72hr 0.0000000000 0.001235087
[,,3]
              0hr         2hr         6hr        12hr        24hr
0hr  0.0007039153 0.000000000 0.000000000 0.000000000 0.000000000
2hr  0.0000000000 0.004456423 0.000000000 0.000000000 0.000000000
6hr  0.0000000000 0.000000000 0.004622679 0.000000000 0.000000000
12hr 0.0000000000 0.000000000 0.000000000 0.004386395 0.000000000
24hr 0.0000000000 0.000000000 0.000000000 0.000000000 0.005615888
48hr 0.0000000000 0.000000000 0.000000000 0.000000000 0.000000000
72hr 0.0000000000 0.000000000 0.000000000 0.000000000 0.000000000
            48hr        72hr
0hr  0.000000000 0.000000000
2hr  0.000000000 0.000000000
6hr  0.000000000 0.000000000
12hr 0.000000000 0.000000000
24hr 0.000000000 0.000000000
48hr 0.004162217 0.000000000
72hr 0.000000000 0.005814236
[,,4]
              0hr        2hr        6hr        12hr        24hr
0hr  0.0004604379 0.00000000 0.00000000 0.000000000 0.000000000
2hr  0.0000000000 0.00291499 0.00000000 0.000000000 0.000000000
6hr  0.0000000000 0.00000000 0.00302374 0.000000000 0.000000000
12hr 0.0000000000 0.00000000 0.00000000 0.002869184 0.000000000
24hr 0.0000000000 0.00000000 0.00000000 0.000000000 0.003673407
48hr 0.0000000000 0.00000000 0.00000000 0.000000000 0.000000000
72hr 0.0000000000 0.00000000 0.00000000 0.000000000 0.000000000
            48hr        72hr
0hr  0.000000000 0.000000000
2hr  0.000000000 0.000000000
6hr  0.000000000 0.000000000
12hr 0.000000000 0.000000000
24hr 0.000000000 0.000000000
48hr 0.002722547 0.000000000
72hr 0.000000000 0.003803148
[,,5]
              0hr         2hr         6hr        12hr        24hr
0hr  0.0001995794 0.000000000 0.000000000 0.000000000 0.000000000
2hr  0.0000000000 0.001263519 0.000000000 0.000000000 0.000000000
6hr  0.0000000000 0.000000000 0.001310657 0.000000000 0.000000000
12hr 0.0000000000 0.000000000 0.000000000 0.001243664 0.000000000
24hr 0.0000000000 0.000000000 0.000000000 0.000000000 0.001592259
48hr 0.0000000000 0.000000000 0.000000000 0.000000000 0.000000000
72hr 0.0000000000 0.000000000 0.000000000 0.000000000 0.000000000
            48hr        72hr
0hr  0.000000000 0.000000000
2hr  0.000000000 0.000000000
6hr  0.000000000 0.000000000
12hr 0.000000000 0.000000000
24hr 0.000000000 0.000000000
48hr 0.001180103 0.000000000
72hr 0.000000000 0.001648496
[,,6]
              0hr         2hr         6hr        12hr        24hr
0hr  0.0002892853 0.000000000 0.000000000 0.000000000 0.000000000
2hr  0.0000000000 0.001831439 0.000000000 0.000000000 0.000000000
6hr  0.0000000000 0.000000000 0.001899764 0.000000000 0.000000000
12hr 0.0000000000 0.000000000 0.000000000 0.001802659 0.000000000
24hr 0.0000000000 0.000000000 0.000000000 0.000000000 0.002307939
48hr 0.0000000000 0.000000000 0.000000000 0.000000000 0.000000000
72hr 0.0000000000 0.000000000 0.000000000 0.000000000 0.000000000
           48hr        72hr
0hr  0.00000000 0.000000000
2hr  0.00000000 0.000000000
6hr  0.00000000 0.000000000
12hr 0.00000000 0.000000000
24hr 0.00000000 0.000000000
48hr 0.00171053 0.000000000
72hr 0.00000000 0.002389453
[,,7]
              0hr         2hr         6hr        12hr        24hr
0hr  0.0004734003 0.000000000 0.000000000 0.000000000 0.000000000
2hr  0.0000000000 0.002997054 0.000000000 0.000000000 0.000000000
6hr  0.0000000000 0.000000000 0.003108865 0.000000000 0.000000000
12hr 0.0000000000 0.000000000 0.000000000 0.002949958 0.000000000
24hr 0.0000000000 0.000000000 0.000000000 0.000000000 0.003776822
48hr 0.0000000000 0.000000000 0.000000000 0.000000000 0.000000000
72hr 0.0000000000 0.000000000 0.000000000 0.000000000 0.000000000
            48hr        72hr
0hr  0.000000000 0.000000000
2hr  0.000000000 0.000000000
6hr  0.000000000 0.000000000
12hr 0.000000000 0.000000000
24hr 0.000000000 0.000000000
48hr 0.002799193 0.000000000
72hr 0.000000000 0.003910216
[,,8]
              0hr         2hr        6hr        12hr        24hr
0hr  0.0004270365 0.000000000 0.00000000 0.000000000 0.000000000
2hr  0.0000000000 0.002703529 0.00000000 0.000000000 0.000000000
6hr  0.0000000000 0.000000000 0.00280439 0.000000000 0.000000000
12hr 0.0000000000 0.000000000 0.00000000 0.002661045 0.000000000
24hr 0.0000000000 0.000000000 0.00000000 0.000000000 0.003406928
48hr 0.0000000000 0.000000000 0.00000000 0.000000000 0.000000000
72hr 0.0000000000 0.000000000 0.00000000 0.000000000 0.000000000
            48hr        72hr
0hr  0.000000000 0.000000000
2hr  0.000000000 0.000000000
6hr  0.000000000 0.000000000
12hr 0.000000000 0.000000000
24hr 0.000000000 0.000000000
48hr 0.002525046 0.000000000
72hr 0.000000000 0.003527258
[,,9]
              0hr         2hr         6hr        12hr       24hr
0hr  0.0002077293 0.000000000 0.000000000 0.000000000 0.00000000
2hr  0.0000000000 0.001315115 0.000000000 0.000000000 0.00000000
6hr  0.0000000000 0.000000000 0.001364178 0.000000000 0.00000000
12hr 0.0000000000 0.000000000 0.000000000 0.001294449 0.00000000
24hr 0.0000000000 0.000000000 0.000000000 0.000000000 0.00165728
48hr 0.0000000000 0.000000000 0.000000000 0.000000000 0.00000000
72hr 0.0000000000 0.000000000 0.000000000 0.000000000 0.00000000
            48hr        72hr
0hr  0.000000000 0.000000000
2hr  0.000000000 0.000000000
6hr  0.000000000 0.000000000
12hr 0.000000000 0.000000000
24hr 0.000000000 0.000000000
48hr 0.001228293 0.000000000
72hr 0.000000000 0.001715813
[,,10]
              0hr         2hr         6hr        12hr        24hr
0hr  0.0001620538 0.000000000 0.000000000 0.000000000 0.000000000
2hr  0.0000000000 0.001025948 0.000000000 0.000000000 0.000000000
6hr  0.0000000000 0.000000000 0.001064223 0.000000000 0.000000000
12hr 0.0000000000 0.000000000 0.000000000 0.001009826 0.000000000
24hr 0.0000000000 0.000000000 0.000000000 0.000000000 0.001292877
48hr 0.0000000000 0.000000000 0.000000000 0.000000000 0.000000000
72hr 0.0000000000 0.000000000 0.000000000 0.000000000 0.000000000
             48hr       72hr
0hr  0.0000000000 0.00000000
2hr  0.0000000000 0.00000000
6hr  0.0000000000 0.00000000
12hr 0.0000000000 0.00000000
24hr 0.0000000000 0.00000000
48hr 0.0009582162 0.00000000
72hr 0.0000000000 0.00133854
[,,11]
              0hr         2hr         6hr        12hr        24hr
0hr  0.0002625006 0.000000000 0.000000000 0.000000000 0.000000000
2hr  0.0000000000 0.001661868 0.000000000 0.000000000 0.000000000
6hr  0.0000000000 0.000000000 0.001723867 0.000000000 0.000000000
12hr 0.0000000000 0.000000000 0.000000000 0.001635753 0.000000000
24hr 0.0000000000 0.000000000 0.000000000 0.000000000 0.002094249
48hr 0.0000000000 0.000000000 0.000000000 0.000000000 0.000000000
72hr 0.0000000000 0.000000000 0.000000000 0.000000000 0.000000000
            48hr        72hr
0hr  0.000000000 0.000000000
2hr  0.000000000 0.000000000
6hr  0.000000000 0.000000000
12hr 0.000000000 0.000000000
24hr 0.000000000 0.000000000
48hr 0.001552153 0.000000000
72hr 0.000000000 0.002168216
[,,12]
              0hr        2hr        6hr        12hr        24hr       48hr
0hr  0.0004932546 0.00000000 0.00000000 0.000000000 0.000000000 0.00000000
2hr  0.0000000000 0.00312275 0.00000000 0.000000000 0.000000000 0.00000000
6hr  0.0000000000 0.00000000 0.00323925 0.000000000 0.000000000 0.00000000
12hr 0.0000000000 0.00000000 0.00000000 0.003073679 0.000000000 0.00000000
24hr 0.0000000000 0.00000000 0.00000000 0.000000000 0.003935221 0.00000000
48hr 0.0000000000 0.00000000 0.00000000 0.000000000 0.000000000 0.00291659
72hr 0.0000000000 0.00000000 0.00000000 0.000000000 0.000000000 0.00000000
            72hr
0hr  0.000000000
2hr  0.000000000
6hr  0.000000000
12hr 0.000000000
24hr 0.000000000
48hr 0.000000000
72hr 0.004074209
[,,13]
              0hr         2hr         6hr        12hr        24hr
0hr  0.0001845313 0.000000000 0.000000000 0.000000000 0.000000000
2hr  0.0000000000 0.001168251 0.000000000 0.000000000 0.000000000
6hr  0.0000000000 0.000000000 0.001211835 0.000000000 0.000000000
12hr 0.0000000000 0.000000000 0.000000000 0.001149893 0.000000000
24hr 0.0000000000 0.000000000 0.000000000 0.000000000 0.001472204
48hr 0.0000000000 0.000000000 0.000000000 0.000000000 0.000000000
72hr 0.0000000000 0.000000000 0.000000000 0.000000000 0.000000000
            48hr        72hr
0hr  0.000000000 0.000000000
2hr  0.000000000 0.000000000
6hr  0.000000000 0.000000000
12hr 0.000000000 0.000000000
24hr 0.000000000 0.000000000
48hr 0.001091125 0.000000000
72hr 0.000000000 0.001524201
[,,14]
              0hr         2hr         6hr        12hr        24hr
0hr  0.0003373657 0.000000000 0.000000000 0.000000000 0.000000000
2hr  0.0000000000 0.002135831 0.000000000 0.000000000 0.000000000
6hr  0.0000000000 0.000000000 0.002215513 0.000000000 0.000000000
12hr 0.0000000000 0.000000000 0.000000000 0.002102269 0.000000000
24hr 0.0000000000 0.000000000 0.000000000 0.000000000 0.002691528
48hr 0.0000000000 0.000000000 0.000000000 0.000000000 0.000000000
72hr 0.0000000000 0.000000000 0.000000000 0.000000000 0.000000000
            48hr       72hr
0hr  0.000000000 0.00000000
2hr  0.000000000 0.00000000
6hr  0.000000000 0.00000000
12hr 0.000000000 0.00000000
24hr 0.000000000 0.00000000
48hr 0.001994827 0.00000000
72hr 0.000000000 0.00278659
[,,15]
              0hr         2hr         6hr        12hr       24hr
0hr  0.0002141457 0.000000000 0.000000000 0.000000000 0.00000000
2hr  0.0000000000 0.001355737 0.000000000 0.000000000 0.00000000
6hr  0.0000000000 0.000000000 0.001406315 0.000000000 0.00000000
12hr 0.0000000000 0.000000000 0.000000000 0.001334433 0.00000000
24hr 0.0000000000 0.000000000 0.000000000 0.000000000 0.00170847
48hr 0.0000000000 0.000000000 0.000000000 0.000000000 0.00000000
72hr 0.0000000000 0.000000000 0.000000000 0.000000000 0.00000000
            48hr        72hr
0hr  0.000000000 0.000000000
2hr  0.000000000 0.000000000
6hr  0.000000000 0.000000000
12hr 0.000000000 0.000000000
24hr 0.000000000 0.000000000
48hr 0.001266233 0.000000000
72hr 0.000000000 0.001768812
[,,16]
              0hr         2hr         6hr        12hr        24hr
0hr  0.0004035015 0.000000000 0.000000000 0.000000000 0.000000000
2hr  0.0000000000 0.002554531 0.000000000 0.000000000 0.000000000
6hr  0.0000000000 0.000000000 0.002649833 0.000000000 0.000000000
12hr 0.0000000000 0.000000000 0.000000000 0.002514389 0.000000000
24hr 0.0000000000 0.000000000 0.000000000 0.000000000 0.003219164
48hr 0.0000000000 0.000000000 0.000000000 0.000000000 0.000000000
72hr 0.0000000000 0.000000000 0.000000000 0.000000000 0.000000000
            48hr        72hr
0hr  0.000000000 0.000000000
2hr  0.000000000 0.000000000
6hr  0.000000000 0.000000000
12hr 0.000000000 0.000000000
24hr 0.000000000 0.000000000
48hr 0.002385884 0.000000000
72hr 0.000000000 0.003332862
[,,17]
              0hr         2hr         6hr        12hr        24hr
0hr  0.0004804123 0.000000000 0.000000000 0.000000000 0.000000000
2hr  0.0000000000 0.003041446 0.000000000 0.000000000 0.000000000
6hr  0.0000000000 0.000000000 0.003154914 0.000000000 0.000000000
12hr 0.0000000000 0.000000000 0.000000000 0.002993653 0.000000000
24hr 0.0000000000 0.000000000 0.000000000 0.000000000 0.003832765
48hr 0.0000000000 0.000000000 0.000000000 0.000000000 0.000000000
72hr 0.0000000000 0.000000000 0.000000000 0.000000000 0.000000000
            48hr        72hr
0hr  0.000000000 0.000000000
2hr  0.000000000 0.000000000
6hr  0.000000000 0.000000000
12hr 0.000000000 0.000000000
24hr 0.000000000 0.000000000
48hr 0.002840655 0.000000000
72hr 0.000000000 0.003968134
[,,18]
              0hr        2hr         6hr        12hr        24hr
0hr  0.0002256375 0.00000000 0.000000000 0.000000000 0.000000000
2hr  0.0000000000 0.00142849 0.000000000 0.000000000 0.000000000
6hr  0.0000000000 0.00000000 0.001481783 0.000000000 0.000000000
12hr 0.0000000000 0.00000000 0.000000000 0.001406043 0.000000000
24hr 0.0000000000 0.00000000 0.000000000 0.000000000 0.001800152
48hr 0.0000000000 0.00000000 0.000000000 0.000000000 0.000000000
72hr 0.0000000000 0.00000000 0.000000000 0.000000000 0.000000000
            48hr        72hr
0hr  0.000000000 0.000000000
2hr  0.000000000 0.000000000
6hr  0.000000000 0.000000000
12hr 0.000000000 0.000000000
24hr 0.000000000 0.000000000
48hr 0.001334183 0.000000000
72hr 0.000000000 0.001863732
[,,19]
              0hr         2hr         6hr        12hr        24hr
0hr  0.0004547492 0.000000000 0.000000000 0.000000000 0.000000000
2hr  0.0000000000 0.002878976 0.000000000 0.000000000 0.000000000
6hr  0.0000000000 0.000000000 0.002986382 0.000000000 0.000000000
12hr 0.0000000000 0.000000000 0.000000000 0.002833735 0.000000000
24hr 0.0000000000 0.000000000 0.000000000 0.000000000 0.003628023
48hr 0.0000000000 0.000000000 0.000000000 0.000000000 0.000000000
72hr 0.0000000000 0.000000000 0.000000000 0.000000000 0.000000000
           48hr        72hr
0hr  0.00000000 0.000000000
2hr  0.00000000 0.000000000
6hr  0.00000000 0.000000000
12hr 0.00000000 0.000000000
24hr 0.00000000 0.000000000
48hr 0.00268891 0.000000000
72hr 0.00000000 0.003756161
[,,20]
              0hr         2hr         6hr        12hr        24hr
0hr  0.0002868348 0.000000000 0.000000000 0.000000000 0.000000000
2hr  0.0000000000 0.001815925 0.000000000 0.000000000 0.000000000
6hr  0.0000000000 0.000000000 0.001883671 0.000000000 0.000000000
12hr 0.0000000000 0.000000000 0.000000000 0.001787389 0.000000000
24hr 0.0000000000 0.000000000 0.000000000 0.000000000 0.002288389
48hr 0.0000000000 0.000000000 0.000000000 0.000000000 0.000000000
72hr 0.0000000000 0.000000000 0.000000000 0.000000000 0.000000000
           48hr        72hr
0hr  0.00000000 0.000000000
2hr  0.00000000 0.000000000
6hr  0.00000000 0.000000000
12hr 0.00000000 0.000000000
24hr 0.00000000 0.000000000
48hr 0.00169604 0.000000000
72hr 0.00000000 0.002369212
[,,21]
             0hr         2hr         6hr        12hr        24hr
0hr  0.000234982 0.000000000 0.000000000 0.000000000 0.000000000
2hr  0.000000000 0.001487649 0.000000000 0.000000000 0.000000000
6hr  0.000000000 0.000000000 0.001543149 0.000000000 0.000000000
12hr 0.000000000 0.000000000 0.000000000 0.001464272 0.000000000
24hr 0.000000000 0.000000000 0.000000000 0.000000000 0.001874703
48hr 0.000000000 0.000000000 0.000000000 0.000000000 0.000000000
72hr 0.000000000 0.000000000 0.000000000 0.000000000 0.000000000
            48hr        72hr
0hr  0.000000000 0.000000000
2hr  0.000000000 0.000000000
6hr  0.000000000 0.000000000
12hr 0.000000000 0.000000000
24hr 0.000000000 0.000000000
48hr 0.001389437 0.000000000
72hr 0.000000000 0.001940916
[,,22]
              0hr         2hr         6hr       12hr        24hr
0hr  0.0003319177 0.000000000 0.000000000 0.00000000 0.000000000
2hr  0.0000000000 0.002101341 0.000000000 0.00000000 0.000000000
6hr  0.0000000000 0.000000000 0.002179735 0.00000000 0.000000000
12hr 0.0000000000 0.000000000 0.000000000 0.00206832 0.000000000
24hr 0.0000000000 0.000000000 0.000000000 0.00000000 0.002648064
48hr 0.0000000000 0.000000000 0.000000000 0.00000000 0.000000000
72hr 0.0000000000 0.000000000 0.000000000 0.00000000 0.000000000
            48hr        72hr
0hr  0.000000000 0.000000000
2hr  0.000000000 0.000000000
6hr  0.000000000 0.000000000
12hr 0.000000000 0.000000000
24hr 0.000000000 0.000000000
48hr 0.001962613 0.000000000
72hr 0.000000000 0.002741591
[,,23]
              0hr         2hr         6hr       12hr        24hr
0hr  0.0002880048 0.000000000 0.000000000 0.00000000 0.000000000
2hr  0.0000000000 0.001823332 0.000000000 0.00000000 0.000000000
6hr  0.0000000000 0.000000000 0.001891355 0.00000000 0.000000000
12hr 0.0000000000 0.000000000 0.000000000 0.00179468 0.000000000
24hr 0.0000000000 0.000000000 0.000000000 0.00000000 0.002297723
48hr 0.0000000000 0.000000000 0.000000000 0.00000000 0.000000000
72hr 0.0000000000 0.000000000 0.000000000 0.00000000 0.000000000
            48hr        72hr
0hr  0.000000000 0.000000000
2hr  0.000000000 0.000000000
6hr  0.000000000 0.000000000
12hr 0.000000000 0.000000000
24hr 0.000000000 0.000000000
48hr 0.001702958 0.000000000
72hr 0.000000000 0.002378877
[,,24]
              0hr         2hr         6hr        12hr        24hr
0hr  0.0002189737 0.000000000 0.000000000 0.000000000 0.000000000
2hr  0.0000000000 0.001386302 0.000000000 0.000000000 0.000000000
6hr  0.0000000000 0.000000000 0.001438021 0.000000000 0.000000000
12hr 0.0000000000 0.000000000 0.000000000 0.001364518 0.000000000
24hr 0.0000000000 0.000000000 0.000000000 0.000000000 0.001746988
48hr 0.0000000000 0.000000000 0.000000000 0.000000000 0.000000000
72hr 0.0000000000 0.000000000 0.000000000 0.000000000 0.000000000
            48hr       72hr
0hr  0.000000000 0.00000000
2hr  0.000000000 0.00000000
6hr  0.000000000 0.00000000
12hr 0.000000000 0.00000000
24hr 0.000000000 0.00000000
48hr 0.001294781 0.00000000
72hr 0.000000000 0.00180869
[,,25]
              0hr          2hr          6hr         12hr         24hr
0hr  1.849964e-05 0.0000000000 0.0000000000 0.0000000000 0.0000000000
2hr  0.000000e+00 0.0001171195 0.0000000000 0.0000000000 0.0000000000
6hr  0.000000e+00 0.0000000000 0.0001214889 0.0000000000 0.0000000000
12hr 0.000000e+00 0.0000000000 0.0000000000 0.0001152791 0.0000000000
24hr 0.000000e+00 0.0000000000 0.0000000000 0.0000000000 0.0001475915
48hr 0.000000e+00 0.0000000000 0.0000000000 0.0000000000 0.0000000000
72hr 0.000000e+00 0.0000000000 0.0000000000 0.0000000000 0.0000000000
             48hr         72hr
0hr  0.0000000000 0.0000000000
2hr  0.0000000000 0.0000000000
6hr  0.0000000000 0.0000000000
12hr 0.0000000000 0.0000000000
24hr 0.0000000000 0.0000000000
48hr 0.0001093875 0.0000000000
72hr 0.0000000000 0.0001528043
[,,26]
             0hr          2hr          6hr         12hr         24hr
0hr  4.99896e-05 0.0000000000 0.0000000000 0.0000000000 0.0000000000
2hr  0.00000e+00 0.0003164796 0.0000000000 0.0000000000 0.0000000000
6hr  0.00000e+00 0.0000000000 0.0003282865 0.0000000000 0.0000000000
12hr 0.00000e+00 0.0000000000 0.0000000000 0.0003115064 0.0000000000
24hr 0.00000e+00 0.0000000000 0.0000000000 0.0000000000 0.0003988207
48hr 0.00000e+00 0.0000000000 0.0000000000 0.0000000000 0.0000000000
72hr 0.00000e+00 0.0000000000 0.0000000000 0.0000000000 0.0000000000
            48hr         72hr
0hr  0.000000000 0.0000000000
2hr  0.000000000 0.0000000000
6hr  0.000000000 0.0000000000
12hr 0.000000000 0.0000000000
24hr 0.000000000 0.0000000000
48hr 0.000295586 0.0000000000
72hr 0.000000000 0.0004129066
[,,27]
              0hr          2hr         6hr         12hr         24hr
0hr  1.753225e-05 0.0000000000 0.000000000 0.0000000000 0.0000000000
2hr  0.000000e+00 0.0001109951 0.000000000 0.0000000000 0.0000000000
6hr  0.000000e+00 0.0000000000 0.000115136 0.0000000000 0.0000000000
12hr 0.000000e+00 0.0000000000 0.000000000 0.0001092509 0.0000000000
24hr 0.000000e+00 0.0000000000 0.000000000 0.0000000000 0.0001398736
48hr 0.000000e+00 0.0000000000 0.000000000 0.0000000000 0.0000000000
72hr 0.000000e+00 0.0000000000 0.000000000 0.0000000000 0.0000000000
             48hr         72hr
0hr  0.0000000000 0.0000000000
2hr  0.0000000000 0.0000000000
6hr  0.0000000000 0.0000000000
12hr 0.0000000000 0.0000000000
24hr 0.0000000000 0.0000000000
48hr 0.0001036673 0.0000000000
72hr 0.0000000000 0.0001448138
